LEGEND
-----------------------
0: neg
1: pos


CONFUSION MATRIX
(row is true label, column is predicted label)
-----------------------
[[1016  214]
 [ 194  959]]


PRECISION VALUES
-----------------------
neg: 0.8396694214876033
pos: 0.8175618073316283


RECALL VALUES
-----------------------
neg: 0.8260162601626017
pos: 0.8317432784041631


F1-MEASURE VALUES
-----------------------
neg: 0.8327868852459016
pos: 0.824591573516767


PREDICTION ACCURACY
-----------------------
The model's accuracy is: 0.8287872429710449


BELOW ARE ALL THE PREDICTIONS MADE FOR EACH INSTANCES IN THE EVALUATION SET
(0-indexed)
--------------
9531, 0
9532, 1
9533, 0
9534, 1
9535, 1
9536, 0
9537, 1
9538, 0
9539, 0
9540, 1 [Misclassified]
9541, 1 [Misclassified]
9542, 1
9543, 1 [Misclassified]
9544, 0
9545, 1
9546, 0 [Misclassified]
9547, 1
9548, 0 [Misclassified]
9549, 0
9550, 1
9551, 1
9552, 1
9553, 0
9554, 1
9555, 0
9556, 0 [Misclassified]
9557, 1
9558, 1 [Misclassified]
9559, 1
9560, 1
9561, 1
9562, 1
9563, 1
9564, 0
9565, 1
9566, 1
9567, 1
9568, 0
9569, 0
9570, 1 [Misclassified]
9571, 0
9572, 1 [Misclassified]
9573, 1 [Misclassified]
9574, 1
9575, 1
9576, 1
9577, 0
9578, 0
9579, 0
9580, 1
9581, 1
9582, 0
9583, 1
9584, 1 [Misclassified]
9585, 1 [Misclassified]
9586, 1
9587, 1
9588, 1 [Misclassified]
9589, 0 [Misclassified]
9590, 0
9591, 0
9592, 1 [Misclassified]
9593, 0
9594, 1 [Misclassified]
9595, 0
9596, 0
9597, 0
9598, 1
9599, 0
9600, 1
9601, 0
9602, 1
9603, 0
9604, 1 [Misclassified]
9605, 1
9606, 0
9607, 1
9608, 1
9609, 0
9610, 1
9611, 0
9612, 0
9613, 0
9614, 1
9615, 0
9616, 0
9617, 1
9618, 0 [Misclassified]
9619, 1
9620, 0
9621, 1
9622, 1
9623, 1 [Misclassified]
9624, 0
9625, 1
9626, 1
9627, 1 [Misclassified]
9628, 1 [Misclassified]
9629, 1 [Misclassified]
9630, 0 [Misclassified]
9631, 0
9632, 0
9633, 0
9634, 0
9635, 0
9636, 0
9637, 0
9638, 1
9639, 1
9640, 0
9641, 0
9642, 1
9643, 0 [Misclassified]
9644, 1
9645, 1
9646, 0 [Misclassified]
9647, 0
9648, 1
9649, 1
9650, 0
9651, 0
9652, 0 [Misclassified]
9653, 0
9654, 0
9655, 1 [Misclassified]
9656, 0
9657, 0 [Misclassified]
9658, 1
9659, 0
9660, 0 [Misclassified]
9661, 0
9662, 1
9663, 1
9664, 0
9665, 1 [Misclassified]
9666, 1
9667, 0
9668, 1
9669, 0
9670, 1
9671, 1
9672, 1
9673, 0
9674, 0
9675, 0
9676, 0
9677, 1
9678, 1
9679, 0
9680, 1
9681, 1 [Misclassified]
9682, 0
9683, 1
9684, 1 [Misclassified]
9685, 0
9686, 1
9687, 1
9688, 1
9689, 1 [Misclassified]
9690, 1
9691, 1
9692, 0 [Misclassified]
9693, 0
9694, 1 [Misclassified]
9695, 1
9696, 0 [Misclassified]
9697, 0
9698, 0
9699, 1 [Misclassified]
9700, 1 [Misclassified]
9701, 1
9702, 1
9703, 0
9704, 1 [Misclassified]
9705, 1
9706, 1
9707, 1
9708, 0
9709, 1
9710, 1
9711, 0 [Misclassified]
9712, 0
9713, 1 [Misclassified]
9714, 1
9715, 0
9716, 0
9717, 1
9718, 0
9719, 1
9720, 0
9721, 0
9722, 0
9723, 1 [Misclassified]
9724, 0
9725, 0
9726, 0
9727, 1
9728, 0
9729, 1
9730, 1
9731, 1 [Misclassified]
9732, 1
9733, 0
9734, 1
9735, 1
9736, 0
9737, 0
9738, 1
9739, 0
9740, 1
9741, 1
9742, 1
9743, 0
9744, 1
9745, 1
9746, 0
9747, 1
9748, 1 [Misclassified]
9749, 1
9750, 0
9751, 0
9752, 1
9753, 0
9754, 1
9755, 1
9756, 0
9757, 1 [Misclassified]
9758, 0
9759, 1
9760, 0
9761, 0
9762, 1 [Misclassified]
9763, 0
9764, 1
9765, 0
9766, 0
9767, 0 [Misclassified]
9768, 1
9769, 1
9770, 0
9771, 1
9772, 1 [Misclassified]
9773, 0
9774, 0
9775, 1
9776, 0
9777, 0
9778, 1
9779, 1
9780, 0
9781, 1
9782, 0
9783, 0
9784, 0
9785, 1
9786, 1
9787, 0
9788, 1
9789, 0
9790, 0
9791, 0
9792, 0
9793, 1
9794, 1
9795, 1
9796, 0
9797, 0
9798, 0
9799, 0
9800, 0
9801, 1
9802, 1
9803, 1
9804, 0
9805, 0
9806, 0
9807, 0
9808, 0
9809, 0
9810, 1
9811, 1
9812, 0
9813, 0
9814, 0
9815, 1 [Misclassified]
9816, 0
9817, 0
9818, 0
9819, 0
9820, 0
9821, 0
9822, 1
9823, 1
9824, 0 [Misclassified]
9825, 0
9826, 1
9827, 0
9828, 1 [Misclassified]
9829, 1
9830, 1
9831, 1 [Misclassified]
9832, 1
9833, 1
9834, 0
9835, 0 [Misclassified]
9836, 1
9837, 0
9838, 1
9839, 0 [Misclassified]
9840, 0 [Misclassified]
9841, 0
9842, 1
9843, 1
9844, 1
9845, 1
9846, 1
9847, 1
9848, 0 [Misclassified]
9849, 1 [Misclassified]
9850, 1
9851, 1
9852, 0
9853, 0 [Misclassified]
9854, 0
9855, 0
9856, 1 [Misclassified]
9857, 0
9858, 0 [Misclassified]
9859, 0
9860, 1
9861, 1
9862, 1
9863, 0
9864, 0
9865, 1 [Misclassified]
9866, 0
9867, 0
9868, 1
9869, 0
9870, 1
9871, 1
9872, 0
9873, 1
9874, 0
9875, 1
9876, 1 [Misclassified]
9877, 0
9878, 0
9879, 1
9880, 0
9881, 0
9882, 0 [Misclassified]
9883, 1
9884, 0
9885, 0
9886, 0 [Misclassified]
9887, 0
9888, 1
9889, 1
9890, 1 [Misclassified]
9891, 0
9892, 0
9893, 1 [Misclassified]
9894, 0
9895, 0
9896, 0
9897, 1
9898, 1
9899, 1
9900, 0
9901, 1
9902, 0
9903, 1
9904, 1 [Misclassified]
9905, 1
9906, 0
9907, 1
9908, 0
9909, 0 [Misclassified]
9910, 0
9911, 1
9912, 1
9913, 0
9914, 0
9915, 0
9916, 1
9917, 1
9918, 1
9919, 0
9920, 0 [Misclassified]
9921, 1
9922, 1
9923, 1
9924, 0
9925, 1
9926, 0
9927, 1
9928, 1
9929, 1
9930, 0
9931, 0
9932, 1
9933, 0
9934, 1
9935, 1
9936, 0
9937, 1
9938, 0
9939, 1
9940, 0
9941, 0
9942, 0
9943, 0 [Misclassified]
9944, 1
9945, 1 [Misclassified]
9946, 1
9947, 1 [Misclassified]
9948, 1
9949, 1
9950, 1
9951, 0 [Misclassified]
9952, 1
9953, 0
9954, 0 [Misclassified]
9955, 1
9956, 0
9957, 1
9958, 0
9959, 1
9960, 0
9961, 0
9962, 1
9963, 1
9964, 0 [Misclassified]
9965, 1
9966, 1
9967, 0 [Misclassified]
9968, 1
9969, 0
9970, 0
9971, 1
9972, 1
9973, 0
9974, 0
9975, 0
9976, 0
9977, 1
9978, 1 [Misclassified]
9979, 0 [Misclassified]
9980, 1
9981, 0
9982, 0
9983, 0
9984, 1
9985, 1
9986, 1
9987, 1
9988, 1
9989, 1
9990, 0
9991, 0
9992, 0
9993, 0
9994, 1
9995, 0
9996, 0
9997, 1
9998, 0
9999, 1 [Misclassified]
10000, 0
10001, 1 [Misclassified]
10002, 1
10003, 0
10004, 1
10005, 0
10006, 0
10007, 1
10008, 0
10009, 1
10010, 0
10011, 1 [Misclassified]
10012, 0
10013, 1
10014, 0 [Misclassified]
10015, 1
10016, 0
10017, 1
10018, 0
10019, 1
10020, 0
10021, 1 [Misclassified]
10022, 1
10023, 0
10024, 1
10025, 0
10026, 1 [Misclassified]
10027, 0
10028, 0 [Misclassified]
10029, 0
10030, 1
10031, 1 [Misclassified]
10032, 1 [Misclassified]
10033, 0
10034, 0
10035, 0 [Misclassified]
10036, 1
10037, 0
10038, 1
10039, 1
10040, 1
10041, 1
10042, 1
10043, 1
10044, 1
10045, 0
10046, 0
10047, 1
10048, 1
10049, 1 [Misclassified]
10050, 0
10051, 1 [Misclassified]
10052, 1 [Misclassified]
10053, 1
10054, 0
10055, 0 [Misclassified]
10056, 1
10057, 0 [Misclassified]
10058, 0
10059, 1
10060, 0 [Misclassified]
10061, 0
10062, 0
10063, 1 [Misclassified]
10064, 1
10065, 1
10066, 1
10067, 1
10068, 0
10069, 0
10070, 1
10071, 0
10072, 0 [Misclassified]
10073, 1
10074, 1 [Misclassified]
10075, 0
10076, 1 [Misclassified]
10077, 1 [Misclassified]
10078, 1
10079, 0
10080, 0 [Misclassified]
10081, 1 [Misclassified]
10082, 1
10083, 1 [Misclassified]
10084, 1
10085, 1
10086, 0
10087, 0
10088, 1
10089, 1
10090, 1 [Misclassified]
10091, 1
10092, 1
10093, 0
10094, 0
10095, 1
10096, 0
10097, 0
10098, 0
10099, 1 [Misclassified]
10100, 0
10101, 0 [Misclassified]
10102, 0
10103, 1
10104, 1
10105, 0
10106, 0
10107, 1 [Misclassified]
10108, 0
10109, 0
10110, 1
10111, 0
10112, 1
10113, 0 [Misclassified]
10114, 0
10115, 0
10116, 1
10117, 1
10118, 0
10119, 1
10120, 0
10121, 0
10122, 1
10123, 1
10124, 1
10125, 0 [Misclassified]
10126, 1
10127, 1 [Misclassified]
10128, 0
10129, 0
10130, 0
10131, 1 [Misclassified]
10132, 0
10133, 0
10134, 0
10135, 0
10136, 1
10137, 0
10138, 1
10139, 0
10140, 0
10141, 0 [Misclassified]
10142, 1
10143, 0
10144, 1
10145, 0
10146, 0
10147, 0
10148, 0 [Misclassified]
10149, 0
10150, 1
10151, 1
10152, 1
10153, 0
10154, 0
10155, 0
10156, 1
10157, 0
10158, 0
10159, 0
10160, 0
10161, 0
10162, 1
10163, 1
10164, 0
10165, 1
10166, 1
10167, 1
10168, 0
10169, 0
10170, 1
10171, 1
10172, 0
10173, 0
10174, 0
10175, 1 [Misclassified]
10176, 0 [Misclassified]
10177, 0 [Misclassified]
10178, 1
10179, 1
10180, 0 [Misclassified]
10181, 1
10182, 0
10183, 1
10184, 1
10185, 1
10186, 0
10187, 0
10188, 1
10189, 0 [Misclassified]
10190, 1
10191, 1
10192, 1
10193, 0
10194, 1
10195, 0
10196, 0
10197, 0 [Misclassified]
10198, 0
10199, 1
10200, 1
10201, 0
10202, 0
10203, 0
10204, 1
10205, 0
10206, 1
10207, 0 [Misclassified]
10208, 1 [Misclassified]
10209, 0 [Misclassified]
10210, 1
10211, 0
10212, 1
10213, 0
10214, 0
10215, 1
10216, 0
10217, 0
10218, 0
10219, 0
10220, 1
10221, 1
10222, 1
10223, 0
10224, 0
10225, 0
10226, 1
10227, 1
10228, 1
10229, 1
10230, 1
10231, 1
10232, 0
10233, 0
10234, 1
10235, 0
10236, 1
10237, 1
10238, 0 [Misclassified]
10239, 0
10240, 1
10241, 0
10242, 1
10243, 1
10244, 0
10245, 1
10246, 1
10247, 1
10248, 1
10249, 1
10250, 1
10251, 0
10252, 0
10253, 1
10254, 1
10255, 1
10256, 0
10257, 1
10258, 0
10259, 1
10260, 0
10261, 0 [Misclassified]
10262, 0
10263, 1
10264, 0 [Misclassified]
10265, 1
10266, 0
10267, 0
10268, 1
10269, 1
10270, 0
10271, 0
10272, 1
10273, 1
10274, 1
10275, 0
10276, 0 [Misclassified]
10277, 1 [Misclassified]
10278, 1
10279, 1
10280, 0
10281, 1
10282, 1
10283, 1
10284, 0
10285, 0
10286, 0
10287, 0
10288, 0
10289, 1
10290, 0
10291, 0
10292, 0
10293, 1
10294, 0
10295, 0
10296, 0
10297, 1
10298, 0 [Misclassified]
10299, 0
10300, 0
10301, 1
10302, 0
10303, 1 [Misclassified]
10304, 1
10305, 0
10306, 1
10307, 1
10308, 1
10309, 1
10310, 0
10311, 1
10312, 0
10313, 0 [Misclassified]
10314, 1
10315, 1
10316, 1
10317, 0
10318, 0
10319, 0 [Misclassified]
10320, 0
10321, 0
10322, 0
10323, 1
10324, 0
10325, 1
10326, 0
10327, 0
10328, 0
10329, 0
10330, 1 [Misclassified]
10331, 1
10332, 1 [Misclassified]
10333, 1
10334, 1
10335, 0 [Misclassified]
10336, 1
10337, 0 [Misclassified]
10338, 0
10339, 0
10340, 0
10341, 1
10342, 0
10343, 1
10344, 0 [Misclassified]
10345, 1
10346, 1 [Misclassified]
10347, 1
10348, 1
10349, 1
10350, 0
10351, 0
10352, 0
10353, 1
10354, 0 [Misclassified]
10355, 1 [Misclassified]
10356, 1
10357, 1
10358, 1
10359, 1
10360, 1
10361, 0
10362, 1
10363, 1
10364, 1
10365, 0
10366, 1
10367, 1
10368, 1
10369, 0 [Misclassified]
10370, 0
10371, 0
10372, 1 [Misclassified]
10373, 1
10374, 0
10375, 0
10376, 1
10377, 0 [Misclassified]
10378, 0 [Misclassified]
10379, 0
10380, 1 [Misclassified]
10381, 0
10382, 0
10383, 1
10384, 0
10385, 0 [Misclassified]
10386, 0
10387, 0
10388, 1
10389, 1
10390, 1
10391, 1
10392, 0 [Misclassified]
10393, 0 [Misclassified]
10394, 0 [Misclassified]
10395, 0
10396, 0
10397, 0
10398, 1
10399, 1
10400, 0
10401, 1
10402, 0
10403, 0 [Misclassified]
10404, 0
10405, 1 [Misclassified]
10406, 1 [Misclassified]
10407, 0 [Misclassified]
10408, 1 [Misclassified]
10409, 1
10410, 0 [Misclassified]
10411, 1
10412, 1 [Misclassified]
10413, 1
10414, 0
10415, 0
10416, 0
10417, 0
10418, 0
10419, 1
10420, 1
10421, 0
10422, 0
10423, 1
10424, 0
10425, 0 [Misclassified]
10426, 1
10427, 1
10428, 1
10429, 0
10430, 0
10431, 0
10432, 1
10433, 0 [Misclassified]
10434, 1
10435, 0 [Misclassified]
10436, 0
10437, 0
10438, 1
10439, 1
10440, 0
10441, 0
10442, 1
10443, 1
10444, 0
10445, 1
10446, 0
10447, 0
10448, 1
10449, 1
10450, 1
10451, 1
10452, 0
10453, 0
10454, 1
10455, 0
10456, 1
10457, 0
10458, 1 [Misclassified]
10459, 0
10460, 1
10461, 1
10462, 1
10463, 1
10464, 1
10465, 1
10466, 0
10467, 1
10468, 0
10469, 0 [Misclassified]
10470, 1
10471, 0
10472, 1
10473, 1
10474, 0
10475, 1
10476, 0
10477, 0
10478, 1
10479, 1
10480, 1 [Misclassified]
10481, 0 [Misclassified]
10482, 0
10483, 0
10484, 0
10485, 1
10486, 0
10487, 0 [Misclassified]
10488, 1 [Misclassified]
10489, 1
10490, 0
10491, 0
10492, 1 [Misclassified]
10493, 1
10494, 1
10495, 0
10496, 1
10497, 0
10498, 0
10499, 0
10500, 0 [Misclassified]
10501, 1
10502, 1
10503, 1
10504, 0
10505, 0 [Misclassified]
10506, 1 [Misclassified]
10507, 0
10508, 0
10509, 1
10510, 1
10511, 1
10512, 1
10513, 1
10514, 1
10515, 1 [Misclassified]
10516, 0
10517, 0
10518, 0
10519, 1
10520, 1
10521, 0
10522, 0
10523, 1
10524, 1
10525, 1
10526, 0
10527, 1
10528, 1
10529, 0
10530, 0
10531, 1
10532, 1
10533, 1
10534, 1 [Misclassified]
10535, 1 [Misclassified]
10536, 1 [Misclassified]
10537, 0
10538, 0
10539, 1
10540, 0
10541, 1
10542, 1
10543, 0
10544, 0
10545, 1 [Misclassified]
10546, 0 [Misclassified]
10547, 0
10548, 0
10549, 1 [Misclassified]
10550, 0
10551, 1
10552, 1
10553, 0
10554, 1
10555, 1
10556, 1
10557, 0
10558, 1
10559, 1 [Misclassified]
10560, 0
10561, 1
10562, 1 [Misclassified]
10563, 1
10564, 0 [Misclassified]
10565, 1
10566, 0
10567, 0
10568, 0
10569, 0
10570, 0
10571, 1
10572, 1
10573, 0
10574, 0
10575, 0
10576, 1
10577, 0
10578, 0
10579, 0
10580, 1 [Misclassified]
10581, 0
10582, 0
10583, 1
10584, 1
10585, 1
10586, 0
10587, 0 [Misclassified]
10588, 0
10589, 1
10590, 1
10591, 1
10592, 0
10593, 0
10594, 1
10595, 0
10596, 1
10597, 0
10598, 1
10599, 1
10600, 1
10601, 1
10602, 1
10603, 0
10604, 1
10605, 0
10606, 1
10607, 0 [Misclassified]
10608, 1
10609, 1
10610, 0
10611, 1
10612, 1
10613, 0
10614, 1 [Misclassified]
10615, 1
10616, 0
10617, 1
10618, 1
10619, 0
10620, 1
10621, 0
10622, 0 [Misclassified]
10623, 1 [Misclassified]
10624, 0
10625, 0
10626, 1
10627, 1 [Misclassified]
10628, 0
10629, 0
10630, 1
10631, 1
10632, 0
10633, 1 [Misclassified]
10634, 1 [Misclassified]
10635, 1 [Misclassified]
10636, 0
10637, 0
10638, 0
10639, 1
10640, 0
10641, 0
10642, 1
10643, 1 [Misclassified]
10644, 1
10645, 0 [Misclassified]
10646, 0
10647, 0
10648, 1
10649, 1
10650, 0
10651, 0
10652, 1 [Misclassified]
10653, 1
10654, 1
10655, 1
10656, 0
10657, 0
10658, 1
10659, 0 [Misclassified]
10660, 0
10661, 1
10662, 1
10663, 1
10664, 1
10665, 0
10666, 1
10667, 0
10668, 1 [Misclassified]
10669, 1
10670, 0
10671, 1
10672, 0 [Misclassified]
10673, 1
10674, 1
10675, 1
10676, 1
10677, 1
10678, 1 [Misclassified]
10679, 0
10680, 0 [Misclassified]
10681, 0
10682, 0 [Misclassified]
10683, 0
10684, 0
10685, 1
10686, 0
10687, 1
10688, 0
10689, 1
10690, 1
10691, 1
10692, 1
10693, 1
10694, 1 [Misclassified]
10695, 1 [Misclassified]
10696, 0
10697, 0
10698, 1 [Misclassified]
10699, 0
10700, 0 [Misclassified]
10701, 0
10702, 1
10703, 0
10704, 0
10705, 1
10706, 0
10707, 1
10708, 0
10709, 1
10710, 0
10711, 0
10712, 1
10713, 0
10714, 1
10715, 1
10716, 1
10717, 1
10718, 0
10719, 1
10720, 0
10721, 0
10722, 1 [Misclassified]
10723, 1 [Misclassified]
10724, 1
10725, 0
10726, 1
10727, 1
10728, 1
10729, 0
10730, 0
10731, 1
10732, 1
10733, 0
10734, 0
10735, 0
10736, 0
10737, 0
10738, 0
10739, 0
10740, 1
10741, 1
10742, 1
10743, 0
10744, 0
10745, 0
10746, 1
10747, 1
10748, 0
10749, 1 [Misclassified]
10750, 0 [Misclassified]
10751, 1
10752, 1
10753, 0
10754, 1
10755, 1
10756, 1 [Misclassified]
10757, 0 [Misclassified]
10758, 0
10759, 1 [Misclassified]
10760, 0 [Misclassified]
10761, 0
10762, 1
10763, 0
10764, 1
10765, 1
10766, 1 [Misclassified]
10767, 0
10768, 0 [Misclassified]
10769, 1 [Misclassified]
10770, 1
10771, 1
10772, 1
10773, 1
10774, 0
10775, 1
10776, 1
10777, 0
10778, 0
10779, 0
10780, 0
10781, 0
10782, 0
10783, 0
10784, 1
10785, 1
10786, 0
10787, 1 [Misclassified]
10788, 1 [Misclassified]
10789, 1
10790, 1
10791, 0
10792, 1
10793, 1
10794, 1
10795, 0
10796, 0
10797, 0
10798, 0
10799, 0
10800, 0
10801, 1
10802, 0
10803, 1
10804, 0
10805, 0
10806, 0
10807, 1
10808, 1 [Misclassified]
10809, 0
10810, 1
10811, 1
10812, 1
10813, 0
10814, 0
10815, 0 [Misclassified]
10816, 1
10817, 1
10818, 0 [Misclassified]
10819, 1
10820, 0
10821, 0
10822, 0
10823, 1
10824, 1 [Misclassified]
10825, 0
10826, 1
10827, 0
10828, 1
10829, 1
10830, 0
10831, 1
10832, 0
10833, 1
10834, 0 [Misclassified]
10835, 1
10836, 1
10837, 1 [Misclassified]
10838, 1
10839, 0
10840, 0
10841, 0
10842, 0
10843, 0 [Misclassified]
10844, 0
10845, 0
10846, 1
10847, 0
10848, 1
10849, 0
10850, 1
10851, 0
10852, 1
10853, 1
10854, 0
10855, 0
10856, 0
10857, 0
10858, 0
10859, 0
10860, 0
10861, 1
10862, 0
10863, 0 [Misclassified]
10864, 1 [Misclassified]
10865, 0
10866, 0
10867, 0
10868, 0
10869, 0 [Misclassified]
10870, 1
10871, 0
10872, 1
10873, 0
10874, 1 [Misclassified]
10875, 0
10876, 0
10877, 1
10878, 1
10879, 1
10880, 0
10881, 0
10882, 0
10883, 1
10884, 0
10885, 0
10886, 1 [Misclassified]
10887, 0
10888, 1
10889, 1
10890, 1 [Misclassified]
10891, 0
10892, 1
10893, 0 [Misclassified]
10894, 0
10895, 0 [Misclassified]
10896, 0
10897, 0
10898, 0
10899, 0
10900, 1 [Misclassified]
10901, 0
10902, 0
10903, 0
10904, 0 [Misclassified]
10905, 0
10906, 0
10907, 0
10908, 0
10909, 1 [Misclassified]
10910, 1 [Misclassified]
10911, 1 [Misclassified]
10912, 1
10913, 0
10914, 0 [Misclassified]
10915, 1
10916, 1
10917, 0
10918, 0
10919, 1 [Misclassified]
10920, 1
10921, 1
10922, 1
10923, 0
10924, 0
10925, 1
10926, 0 [Misclassified]
10927, 1 [Misclassified]
10928, 0 [Misclassified]
10929, 1
10930, 1
10931, 0
10932, 1
10933, 1
10934, 1
10935, 0
10936, 1
10937, 1
10938, 1
10939, 0
10940, 0
10941, 1
10942, 1
10943, 0 [Misclassified]
10944, 0 [Misclassified]
10945, 1
10946, 0
10947, 0
10948, 0
10949, 1
10950, 0 [Misclassified]
10951, 0
10952, 1
10953, 0
10954, 0
10955, 0
10956, 1
10957, 0
10958, 0
10959, 0
10960, 1
10961, 1 [Misclassified]
10962, 0
10963, 1
10964, 1
10965, 1 [Misclassified]
10966, 0
10967, 0
10968, 0
10969, 0
10970, 0
10971, 0
10972, 0
10973, 1 [Misclassified]
10974, 1
10975, 0 [Misclassified]
10976, 1
10977, 0
10978, 1
10979, 0
10980, 1
10981, 0
10982, 0
10983, 0
10984, 0
10985, 0
10986, 0
10987, 1
10988, 1
10989, 1
10990, 0 [Misclassified]
10991, 1
10992, 0
10993, 1
10994, 0
10995, 1
10996, 1
10997, 0
10998, 0
10999, 0
11000, 0 [Misclassified]
11001, 1
11002, 0
11003, 0
11004, 1
11005, 0
11006, 0
11007, 0
11008, 0
11009, 0 [Misclassified]
11010, 1 [Misclassified]
11011, 1 [Misclassified]
11012, 0
11013, 0
11014, 0 [Misclassified]
11015, 0
11016, 1
11017, 1
11018, 1
11019, 1
11020, 1 [Misclassified]
11021, 0
11022, 1 [Misclassified]
11023, 1
11024, 0
11025, 0
11026, 1 [Misclassified]
11027, 0
11028, 1
11029, 1
11030, 1
11031, 1
11032, 1
11033, 0
11034, 0
11035, 1
11036, 0
11037, 0
11038, 0 [Misclassified]
11039, 1
11040, 1
11041, 0
11042, 1 [Misclassified]
11043, 1 [Misclassified]
11044, 0
11045, 1
11046, 1
11047, 0
11048, 0 [Misclassified]
11049, 1
11050, 0
11051, 0
11052, 1
11053, 0 [Misclassified]
11054, 1
11055, 0
11056, 1
11057, 1
11058, 1
11059, 0
11060, 1
11061, 1
11062, 0 [Misclassified]
11063, 0 [Misclassified]
11064, 1
11065, 0
11066, 1
11067, 1 [Misclassified]
11068, 0
11069, 1 [Misclassified]
11070, 0
11071, 0
11072, 0
11073, 1
11074, 0
11075, 1
11076, 1
11077, 1
11078, 1 [Misclassified]
11079, 1
11080, 0 [Misclassified]
11081, 0
11082, 0 [Misclassified]
11083, 1
11084, 1
11085, 1
11086, 1
11087, 0
11088, 1
11089, 1 [Misclassified]
11090, 1 [Misclassified]
11091, 0
11092, 0 [Misclassified]
11093, 0
11094, 1
11095, 0
11096, 0
11097, 0
11098, 0 [Misclassified]
11099, 1
11100, 1
11101, 0
11102, 1
11103, 0
11104, 1
11105, 1
11106, 1
11107, 1
11108, 0
11109, 1
11110, 1
11111, 1
11112, 0
11113, 0
11114, 0
11115, 0 [Misclassified]
11116, 0
11117, 0 [Misclassified]
11118, 1
11119, 0
11120, 0
11121, 0
11122, 1
11123, 0
11124, 0
11125, 0
11126, 1
11127, 0
11128, 0
11129, 1 [Misclassified]
11130, 0
11131, 0
11132, 0
11133, 1
11134, 1
11135, 0
11136, 1
11137, 0
11138, 1 [Misclassified]
11139, 1 [Misclassified]
11140, 0
11141, 0
11142, 0 [Misclassified]
11143, 0
11144, 1
11145, 0 [Misclassified]
11146, 1
11147, 0 [Misclassified]
11148, 1
11149, 1
11150, 1 [Misclassified]
11151, 0
11152, 0 [Misclassified]
11153, 1
11154, 0
11155, 1
11156, 1
11157, 0 [Misclassified]
11158, 0 [Misclassified]
11159, 1
11160, 0
11161, 0
11162, 0
11163, 0
11164, 0 [Misclassified]
11165, 0
11166, 1
11167, 1 [Misclassified]
11168, 1
11169, 0
11170, 0
11171, 0
11172, 1
11173, 1
11174, 1
11175, 0
11176, 0
11177, 0
11178, 0
11179, 0
11180, 1
11181, 0 [Misclassified]
11182, 0
11183, 0
11184, 0
11185, 1
11186, 1
11187, 0
11188, 1
11189, 1
11190, 1
11191, 0
11192, 1
11193, 0
11194, 0 [Misclassified]
11195, 0 [Misclassified]
11196, 0
11197, 0
11198, 1
11199, 0
11200, 1 [Misclassified]
11201, 0
11202, 1
11203, 0
11204, 1
11205, 0
11206, 1
11207, 1
11208, 0
11209, 1
11210, 0
11211, 0
11212, 1
11213, 1 [Misclassified]
11214, 1 [Misclassified]
11215, 1 [Misclassified]
11216, 1 [Misclassified]
11217, 0
11218, 0
11219, 0
11220, 1
11221, 0
11222, 1
11223, 1
11224, 1
11225, 1
11226, 1
11227, 1
11228, 1
11229, 1
11230, 1
11231, 0 [Misclassified]
11232, 0
11233, 1 [Misclassified]
11234, 1 [Misclassified]
11235, 0
11236, 1
11237, 0
11238, 1
11239, 1
11240, 0
11241, 0
11242, 1
11243, 1
11244, 0
11245, 0 [Misclassified]
11246, 1
11247, 0
11248, 1
11249, 1
11250, 0 [Misclassified]
11251, 1
11252, 1
11253, 0
11254, 0
11255, 1 [Misclassified]
11256, 1
11257, 0
11258, 1
11259, 1 [Misclassified]
11260, 1
11261, 0 [Misclassified]
11262, 0
11263, 1
11264, 0
11265, 0
11266, 0
11267, 0
11268, 1
11269, 1
11270, 0
11271, 0 [Misclassified]
11272, 1 [Misclassified]
11273, 0
11274, 0
11275, 1
11276, 1 [Misclassified]
11277, 0
11278, 1
11279, 0
11280, 1
11281, 0
11282, 1
11283, 1
11284, 0
11285, 0 [Misclassified]
11286, 0
11287, 0 [Misclassified]
11288, 0
11289, 0
11290, 0
11291, 0
11292, 0
11293, 0
11294, 1
11295, 0
11296, 1
11297, 1
11298, 1
11299, 1
11300, 1
11301, 1 [Misclassified]
11302, 0
11303, 1
11304, 0
11305, 0
11306, 0
11307, 1
11308, 1
11309, 1
11310, 1
11311, 0 [Misclassified]
11312, 1 [Misclassified]
11313, 0
11314, 0
11315, 1
11316, 0
11317, 0 [Misclassified]
11318, 0
11319, 1
11320, 1
11321, 0
11322, 1 [Misclassified]
11323, 1
11324, 0
11325, 1
11326, 0 [Misclassified]
11327, 1 [Misclassified]
11328, 1
11329, 1
11330, 0
11331, 1
11332, 1
11333, 1
11334, 1
11335, 1
11336, 0
11337, 1 [Misclassified]
11338, 0
11339, 1 [Misclassified]
11340, 1
11341, 0
11342, 1
11343, 0
11344, 0 [Misclassified]
11345, 1 [Misclassified]
11346, 0
11347, 0
11348, 1
11349, 0
11350, 0
11351, 1
11352, 0
11353, 0
11354, 0
11355, 1 [Misclassified]
11356, 1
11357, 0
11358, 0
11359, 0
11360, 1
11361, 1 [Misclassified]
11362, 0
11363, 1
11364, 1
11365, 0 [Misclassified]
11366, 1
11367, 1 [Misclassified]
11368, 1
11369, 1
11370, 0
11371, 0
11372, 1
11373, 1
11374, 1
11375, 0
11376, 0 [Misclassified]
11377, 1 [Misclassified]
11378, 0 [Misclassified]
11379, 0
11380, 0
11381, 0
11382, 1
11383, 0
11384, 0
11385, 1
11386, 1
11387, 1 [Misclassified]
11388, 1
11389, 0
11390, 0
11391, 1
11392, 1
11393, 0
11394, 0
11395, 0
11396, 0
11397, 0
11398, 1
11399, 1
11400, 0
11401, 1
11402, 0
11403, 0
11404, 0
11405, 0
11406, 1 [Misclassified]
11407, 0
11408, 1
11409, 0
11410, 1
11411, 0
11412, 0
11413, 1
11414, 0
11415, 0
11416, 1
11417, 1
11418, 0
11419, 1
11420, 1 [Misclassified]
11421, 1
11422, 0
11423, 0
11424, 1
11425, 0
11426, 0
11427, 1
11428, 0
11429, 1 [Misclassified]
11430, 0
11431, 1
11432, 1
11433, 0
11434, 1 [Misclassified]
11435, 0
11436, 1
11437, 1
11438, 0
11439, 0
11440, 0
11441, 0
11442, 0
11443, 1
11444, 0
11445, 0 [Misclassified]
11446, 1
11447, 1
11448, 0
11449, 1 [Misclassified]
11450, 1 [Misclassified]
11451, 0
11452, 1
11453, 0
11454, 1 [Misclassified]
11455, 0
11456, 1
11457, 0
11458, 0
11459, 1
11460, 1
11461, 1
11462, 1
11463, 0
11464, 0
11465, 0 [Misclassified]
11466, 1
11467, 1
11468, 1
11469, 0
11470, 1 [Misclassified]
11471, 0 [Misclassified]
11472, 0
11473, 1
11474, 0
11475, 0
11476, 0
11477, 1 [Misclassified]
11478, 0
11479, 0 [Misclassified]
11480, 1
11481, 0
11482, 1
11483, 0
11484, 0
11485, 1
11486, 1
11487, 0
11488, 1
11489, 1
11490, 0
11491, 0
11492, 0
11493, 0
11494, 1 [Misclassified]
11495, 1
11496, 0
11497, 1
11498, 0
11499, 1
11500, 0
11501, 0
11502, 0
11503, 0
11504, 0
11505, 0
11506, 0
11507, 0
11508, 0
11509, 1
11510, 0 [Misclassified]
11511, 1 [Misclassified]
11512, 0
11513, 0
11514, 1 [Misclassified]
11515, 1 [Misclassified]
11516, 0 [Misclassified]
11517, 1
11518, 0
11519, 0
11520, 1 [Misclassified]
11521, 1 [Misclassified]
11522, 0
11523, 0 [Misclassified]
11524, 0
11525, 1
11526, 0 [Misclassified]
11527, 0
11528, 0
11529, 0
11530, 0
11531, 1
11532, 1
11533, 0 [Misclassified]
11534, 0
11535, 1
11536, 1
11537, 0
11538, 0 [Misclassified]
11539, 1
11540, 1
11541, 0
11542, 0
11543, 1
11544, 0
11545, 1 [Misclassified]
11546, 1
11547, 1
11548, 1
11549, 1
11550, 1
11551, 0
11552, 0
11553, 0 [Misclassified]
11554, 1
11555, 0
11556, 0
11557, 0
11558, 0
11559, 1
11560, 1
11561, 0 [Misclassified]
11562, 1
11563, 0
11564, 0
11565, 0 [Misclassified]
11566, 1
11567, 0
11568, 1
11569, 0
11570, 0
11571, 1
11572, 1
11573, 1
11574, 1
11575, 0
11576, 0
11577, 1 [Misclassified]
11578, 1 [Misclassified]
11579, 1
11580, 1
11581, 0 [Misclassified]
11582, 1
11583, 1
11584, 0
11585, 0
11586, 0
11587, 1
11588, 0
11589, 0 [Misclassified]
11590, 0
11591, 0
11592, 0 [Misclassified]
11593, 0
11594, 0
11595, 1
11596, 1
11597, 0
11598, 1
11599, 0
11600, 0 [Misclassified]
11601, 1 [Misclassified]
11602, 1
11603, 1
11604, 0
11605, 1
11606, 0
11607, 1
11608, 0
11609, 1
11610, 0
11611, 0 [Misclassified]
11612, 0
11613, 0
11614, 0
11615, 1
11616, 0 [Misclassified]
11617, 0
11618, 0
11619, 1 [Misclassified]
11620, 0 [Misclassified]
11621, 1
11622, 0
11623, 1
11624, 1
11625, 0
11626, 1
11627, 0
11628, 0
11629, 1
11630, 1 [Misclassified]
11631, 1
11632, 1 [Misclassified]
11633, 0
11634, 1
11635, 0 [Misclassified]
11636, 0
11637, 1 [Misclassified]
11638, 0
11639, 1
11640, 1
11641, 0
11642, 1
11643, 1
11644, 0 [Misclassified]
11645, 1
11646, 0
11647, 0
11648, 0
11649, 1
11650, 1
11651, 1
11652, 1
11653, 1
11654, 1
11655, 0
11656, 1
11657, 0
11658, 1
11659, 1
11660, 0
11661, 0
11662, 1
11663, 0 [Misclassified]
11664, 1
11665, 0 [Misclassified]
11666, 0
11667, 0
11668, 1
11669, 0
11670, 1
11671, 1
11672, 0
11673, 1
11674, 1 [Misclassified]
11675, 0
11676, 1
11677, 0
11678, 0
11679, 1
11680, 0
11681, 1
11682, 0
11683, 1 [Misclassified]
11684, 0
11685, 1
11686, 1
11687, 1
11688, 1
11689, 0
11690, 0 [Misclassified]
11691, 1
11692, 1
11693, 1
11694, 1
11695, 1
11696, 1
11697, 1 [Misclassified]
11698, 1 [Misclassified]
11699, 0
11700, 1 [Misclassified]
11701, 1
11702, 1
11703, 1
11704, 1
11705, 1
11706, 0
11707, 0
11708, 1
11709, 1
11710, 1
11711, 1
11712, 0 [Misclassified]
11713, 0 [Misclassified]
11714, 1
11715, 1
11716, 0
11717, 0
11718, 0
11719, 1
11720, 0 [Misclassified]
11721, 0
11722, 1
11723, 1 [Misclassified]
11724, 1
11725, 0
11726, 1
11727, 1
11728, 0
11729, 0
11730, 0
11731, 0
11732, 0
11733, 1
11734, 1 [Misclassified]
11735, 1
11736, 0
11737, 0
11738, 0
11739, 1
11740, 0
11741, 1 [Misclassified]
11742, 1
11743, 1
11744, 0
11745, 0
11746, 1
11747, 0
11748, 1
11749, 0
11750, 1
11751, 0
11752, 1
11753, 1
11754, 0
11755, 1 [Misclassified]
11756, 0
11757, 1 [Misclassified]
11758, 0 [Misclassified]
11759, 0
11760, 0
11761, 0
11762, 0
11763, 1
11764, 1
11765, 0
11766, 1 [Misclassified]
11767, 1
11768, 1
11769, 1
11770, 0
11771, 1
11772, 0
11773, 0 [Misclassified]
11774, 0
11775, 0
11776, 0
11777, 0 [Misclassified]
11778, 1
11779, 0
11780, 1
11781, 0
11782, 0
11783, 1
11784, 0
11785, 0 [Misclassified]
11786, 1
11787, 1
11788, 1
11789, 0
11790, 1
11791, 1
11792, 1
11793, 1 [Misclassified]
11794, 1
11795, 0
11796, 0 [Misclassified]
11797, 0
11798, 1
11799, 0
11800, 1
11801, 1
11802, 0
11803, 0 [Misclassified]
11804, 0
11805, 0
11806, 1
11807, 1
11808, 0
11809, 1
11810, 1
11811, 0 [Misclassified]
11812, 1
11813, 1
11814, 0
11815, 1
11816, 0
11817, 0
11818, 1
11819, 0
11820, 0
11821, 0
11822, 1
11823, 0
11824, 0
11825, 0
11826, 0 [Misclassified]
11827, 1
11828, 1 [Misclassified]
11829, 0 [Misclassified]
11830, 1
11831, 1
11832, 1
11833, 1
11834, 1
11835, 1
11836, 0
11837, 1
11838, 1
11839, 0
11840, 0
11841, 1
11842, 1
11843, 1 [Misclassified]
11844, 0
11845, 0
11846, 0
11847, 0
11848, 1
11849, 1
11850, 0
11851, 0
11852, 1
11853, 0 [Misclassified]
11854, 1
11855, 0
11856, 1
11857, 0
11858, 0
11859, 0
11860, 0
11861, 0
11862, 0 [Misclassified]
11863, 0
11864, 0
11865, 0
11866, 1
11867, 1
11868, 0
11869, 1
11870, 0
11871, 0 [Misclassified]
11872, 0
11873, 0
11874, 1
11875, 0
11876, 1
11877, 0 [Misclassified]
11878, 0
11879, 0
11880, 1
11881, 1
11882, 1
11883, 1
11884, 0
11885, 0
11886, 0
11887, 0
11888, 1
11889, 1
11890, 0
11891, 1
11892, 1
11893, 1
11894, 1
11895, 0
11896, 0
11897, 0
11898, 1
11899, 0
11900, 0
11901, 1
11902, 0 [Misclassified]
11903, 1 [Misclassified]
11904, 1 [Misclassified]
11905, 0
11906, 1
11907, 0
11908, 1 [Misclassified]
11909, 1 [Misclassified]
11910, 0 [Misclassified]
11911, 1
11912, 0
11913, 0
